    491609    180519
    769876    257669
    535034    172649
    354529    573677
    267521    119941
    321182    150806
    404445    402466
    238260    882489
    601900    569391
    616926    398697
    900360    153622
    857846    153281
    860387    157731
    684558    878573
    165573    305517
    523796    219588
    361138    551307
     56907    586609
    801551    320544
    849126    121710
    247939    831010
    794615    305632
    799275    324108
    388479    343648
    171848    343242
    390538    157197
    315013    318367
    321216    569834
    820757    738235
    336549    565597
    508099    175066
    593887    210595
    588964    597435
    237750    837381
    800447    331643
    351883    890475
    841928    398948
    880275    564545
    310693    154278
    788005    292268
    379128    418858
    338860    561151
    241138    844374
    207552    772091
    348191    165419
    869991    705259
    370839    727884
    895127    152283
    226949    889283
    321309    569996
    837582    763266
    274505    864723
    780927    285057
    848586    789052
    353991    193997
    846772    509036
    829240    591428
    819580    545900
    821906    732848
    422056    382193
    672059    860501
    806131    312752
    858058    196183
    610666    551701
    332853    168141
    149269    341445
    683585    905984
    791470    751113
    137316    562151
    713088    880834
    419700    793447
    385091    599401
    541498    192746
    143363    551365
    267478    894783
    243331    844022
    631316    837043
    674121    858589
    497815    165151
    517580    170329
    210497    359835
    407504    803363
    793791    581315
    676767    832479
    481356    162127
    605650    447537
    377720    727349
    494574    198972
    363208    238649
    618391    348381
    224288    931476
    838142    156770
    866560    165110
    872237    555834
    316395    537403
    249253    856047
    280274    182662
    385257    791581
    320821    165455
    622557    361134
